9 55119 10 # 16 28902 15
55119 # 28902
55119 # 28902
55119 # 28902
9 19041 10 # 16 2451 15
11182 # 6601
11182 # 6601
9 308912 10 # 16 763017 15
9 26790 308916 76045 10 # 16 38 19769 2982 15
9 40164 55180 10 # 16 15965 25512 15
9 203126 41491 58555 10 # 16 144927 3177 4314 15
9 308917 10 # 16 763018 15
9 50582 211950 10 # 16 10330 80410 15
51123 # 34630
10059 # 2956
9 25057 10 # 16 1039 15
9 9485 10 # 16 1235 15
9485 # 1235
9485 # 1235
11182 # 6601
9 11182 10 # 16 6601 15
11182 # 6601
11182 # 6601
11182 # 6601
11182 # 6601
9 308919 10 # 16 24712 15
308919 # 24712
308919 # 24712
308919 # 24712
308919 # 24712
308919 # 24712
308919 # 24712
308919 # 24712
308919 # 24712
308919 # 24712
308920 # 763019
9 49530 10 # 16 32904 15
9 82660 10 # 16 40884 15
16089 # 15916
9 16089 10 # 16 15916 15
16089 # 15916
16089 # 15916
16089 # 15916
11182 # 6601
9 308927 10 # 16 763020 15
308928 # 713973
7211 # 8327
49788 # 7443
7211 # 8327
7211 # 8327
49788 # 7443
6583 # 7846
36018 # 13281
9 36018 10 # 16 13281 15
36018 # 13281
36018 # 13281
9 50956 10 # 16 58867 15
9 233307 10 # 16 146541 15
68525 47101 # 92049 1503
9 308931 10 # 16 713639 15
108223 # 208120
42999 63239 29996 # 264 287 1257
77748 # 49888
16089 # 15916
34084 # 39296
3912 # 3528
9 48094 10 # 16 1217 15
308944 # 601544
55119 # 28902
9 55119 10 # 16 28902 15
102 # 10
102 # 10
